0.857143 0.857143 2.275862 0.620690
3.000000 -3.000000 10.529412 -1.117647
4.636720 0.227213
1.764706 0.705882
4.979510 -6.452191 3.106697 -2.082292
2.000000 2.000000 3.000000 -3.000000
1.333333 5.333333 1.800000 4.400000
5.868745 -5.653131 2.664862 -5.313477 2.611713 -5.340553
2.000000 4.000000
2.000000 2.000000 3.000000 -3.000000 11.000000 -1.000000 9.545455 -1.363636 3.076923 -9.846154
3.160000 -2.960000 3.976744 -7.860465 4.000000 -8.000000
5.868745 -5.653131 2.664862 -5.313477 2.611713 -5.340553
3.506803 -5.040818
2.000000 4.000000
2.000000 2.000000 3.000000 -3.000000 11.000000 -1.000000 9.545455 -1.363636 3.076923 -9.846154